[] : 0
[1403, 1625] : 1
[] : 0
[2000, 2300] : 1
[2652, 2893] : 1
[] : 0
[] : 0
[3210, 3469] : 1
[] : 0
[3754, 3971] : 1
[] : 0
[4415, 4693] : 1
[] : 0
[5093, 5298] : 1
[] : 0
[5515, 5753] : 1
[] : 0
[6274, 6528] : 1
[] : 0
[6906, 7163] : 1
[7390, 7663] : 1
[] : 0
[] : 0
[8128, 8382] : 1
[] : 0
[8683, 8905] : 1
[] : 0
[9174, 9433] : 1
[9286, 9480] : 1
[] : 0
[9849, 10045] : 1
[] : 0
[10465, 10652] : 1
[] : 0
[11023, 11280] : 1
[] : 0
[11602, 11868] : 1
[] : 0
[] : 0
[12237, 12489] : 1
[] : 0
[12842, 13050] : 1
[] : 0
[13437, 13638] : 1
[13606, 13872] : 0
[14090, 14225] : 1
[14259, 14453] : 0
[14451, 14663] : 0
[14696, 14859] : 1
[14848, 15032] : 0
[15086, 15263] : 0
[15355, 15516] : 1
[15532, 15871] : 0
[15922, 16155] : 1
[16104, 16289] : 0
[16489, 16720] : 1
[16718, 16987] : 0
[17087, 17274] : 1
[17255, 17454] : 0
[17706, 17991] : 1
[17848, 18091] : 0
[18339, 18504] : 1
[18474, 18696] : 0
[18806, 19046] : 1
[19016, 19235] : 0
[19427, 19651] : 1
[19873, 20067] : 0
[20116, 20321] : 1
[20377, 20550] : 1
[20559, 20753] : 1
[20653, 20828] : 0
[20776, 20942] : 1
[20919, 21134] : 1
[21145, 21320] : 1
[21288, 21491] : 1
[21421, 21650] : 0
[21645, 21857] : 1
[21829, 22002] : 1
[21960, 22112] : 1
[22086, 22238] : 1
[22224, 22366] : 1

































